1	536
1.02026	1072
1.03066	1608
1.04105	2144
1.05126	2680
1.05163	3216
1.06165	3752
1.06203	4288
1.06845	4824
1.07677	5360
1.08509	5896
1.09341	6432
1.10173	6968
1.11005	7504
1.11837	8040
1.12669	8576
1.13501	9112
1.14333	9648
1.15997	3420
1.16014	3956
1.16829	4492
1.16846	5028
1.17017	1812
1.17017	1970
1.17867	2115
1.18887	2250
1.19342	2377
1.20174	2497
1.21006	2612
1.21838	2721
1.2267	2826
1.23502	2927
1.24334	3025
1.25166	3119
1.25998	3211
1.2683	3300
1.27662	3387
1.28494	3471
1.29326	3553
1.30158	3633
1.3099	3712
1.31822	3789
1.32654	3864
1.33486	3938
1.34318	4010
1.3515	4081
1.35982	4151
1.36814	4220
1.37646	4288
1.38478	4355
1.3931	4420
1.40142	4484
1.41789	4548
1.42638	3420
1.43453	3956
1.4347	4492
1.43659	1812
1.43659	1970
1.45117	2115
2.45117	536
2.46137	1072
2.47177	1340
2.48216	1554
2.49256	1738
2.50295	1903
2.51316	2053
2.52336	2192
2.53357	2323
2.53395	2446
2.54396	2563
2.54434	2675
2.55436	2782
2.55474	2885
2.56475	2984
2.56513	3080
2.57496	3173
2.57534	3263
2.58517	3351
2.58554	3436
2.58592	3519
2.59556	3600
2.59594	3679
2.59632	3757
2.60596	3833
2.60633	3907
2.60671	3980
2.61616	4052
2.61654	4122
2.61692	4191
2.62637	4259
2.62675	4326
2.62712	4392
2.63657	4457
2.63695	4521
2.63733	4584
2.63771	4646
2.64697	4707
2.64735	4768
2.64772	4828
2.6481	4887
2.65736	4945
2.65774	5003
2.65812	5060
2.6585	5116
2.66757	5172
2.66795	5227
2.66833	5281
2.6687	5335
2.67778	5388
2.67815	5441
2.67853	5493
2.67891	5545
2.68798	5596
2.68836	5647
2.68874	5697
2.68912	5747
2.68949	5796
2.69838	5845
2.69876	5894
2.69913	5942
2.69951	5990
2.69989	6037
2.70877	6084
2.70915	6131
2.70953	6177
2.70991	6223
2.71028	6269
2.71898	6314
2.71936	6359
2.71973	6404
2.72011	6448
2.72049	6492
2.72918	6536
2.72956	6579
2.72994	6622
2.73032	6665
2.73069	6708
2.73107	6750
2.73958	6792
2.73996	6834
2.74033	6876
2.74071	6917
2.74109	6958
2.74147	6999
2.74997	7040
2.75035	7080
2.75073	7120
2.75111	7160
2.75148	7200
2.75186	7239
2.76018	7278
2.76056	7317
2.76094	7356
2.76131	7395
2.76169	7433
2.76207	7471
2.77039	7509
2.77076	7547
2.77114	7585
2.77152	7622
2.7719	7659
2.77227	7696
2.78059	7733
2.78097	7770
2.78135	7806
2.78173	7842
2.7821	7878
2.78248	7914
2.78286	7950
2.79099	7986
2.79137	8021
2.79174	8056
2.79212	8091
2.7925	8126
2.79288	8161
2.79325	8196
2.80138	8231
2.80176	8265
2.80214	8299
2.80252	8333
2.80289	8367
2.80327	8401
2.80365	8435
2.81159	8469
2.81197	8502
2.81234	8535
2.81272	8568
2.8131	8601
2.81348	8634
2.81404	8667
2.82236	5896
2.82255	6432
2.82274	6968
2.82293	7504
2.82312	8040
2.8233	8576
2.82349	9112
2.82368	9648
2.82387	10184
2.82406	10720
2.82425	11256
2.83257	10184
2.8337	10720
2.83389	11256
2.83408	11792
2.83445	12328
2.84277	4288
2.84277	4355
2.84409	3752
2.84428	4288
2.84466	4824
2.85298	5360
2.8543	2144
2.8543	2278
2.86319	2404
2.8647	2523
2.87358	2636
2.87509	2744
2.88397	2848
2.88549	2948
2.89418	3045
2.89569	3139
2.90439	3230
2.9059	3318
2.91459	3404
2.91497	3488
2.91629	3570
2.92499	3650
2.92537	3728
2.92669	3805
2.93538	3880
2.93576	3954
2.93708	4026
2.94559	4097
2.94597	4167
2.94729	4235
2.9558	4302
2.95617	4368
2.95749	4433
2.966	4497
2.96638	4560
2.96676	4623
2.96789	4685
2.9764	4746
2.97677	4806
2.97715	4865
2.97828	4924
2.98679	4982
2.98717	5039
2.98754	5096
2.99054	5152
2.99886	5207
3.00718	5262
3.0155	5316
3.02382	5370
3.03214	5423
3.04046	5475
3.04878	5527
3.0571	5578
3.06542	5629
3.07374	5680
3.08206	5730
3.09038	5780
3.0987	5829
3.10702	5878
3.11534	5926
3.12366	5974
3.13198	6022
3.1403	6069
3.14862	6116
3.15694	6162
3.16526	6208
3.17358	6254
3.1819	6299
3.19022	6344
3.19854	6389
3.20686	6433
3.21518	6477
3.2235	6521
3.23182	6565
3.24014	6608
3.24846	6651
3.25678	6694
3.2651	6736
3.27342	6778
3.28174	6820
3.29006	6862
3.29838	6903
3.3067	6944
3.31502	6985
3.32334	7026
3.33166	7066
3.33998	7106
3.3483	7146
3.35662	7186
3.36494	7225
3.37326	7264
3.38158	7303
3.3899	7342
3.39822	7381
3.40654	7419
3.41486	7457
3.42318	7495
3.4315	7533
3.43982	7571
3.44814	7608
3.45646	7645
3.46478	7682
3.4731	7719
3.48142	7756
3.48974	7793
3.49806	7829
3.50638	7865
3.5147	7901
3.52302	7937
3.53134	7973
3.53966	8009
3.54798	8044
3.5563	8079
3.56462	8114
3.57294	8149
3.58126	8184
3.58958	8219
3.5979	8253
3.60622	8287
3.61454	8321
3.62286	8355
3.63118	8389
3.6395	8423
3.64782	8457
3.65614	8490
3.66446	8523
3.67278	8556
3.6811	8589
3.68942	8622
3.69774	8655
3.70606	8688
3.71438	8721
3.7227	8753
3.73102	8785
3.73934	8817
3.74766	8849
3.75598	8881
3.7643	8913
3.77262	8945
3.78094	8977
3.78926	9009
3.79758	9040
3.8059	9071
3.81422	9102
3.82254	9133
3.83086	9164
3.83918	9195
3.8475	9226
3.85582	9257
3.86414	9288
3.87246	9318
3.88078	9348
3.8891	9378
3.89742	9408
3.90574	9438
3.91406	9468
3.92238	9498
3.9307	9528
3.93902	9558
3.94734	9588
3.95566	9617
3.96398	9646
3.9723	9675
3.98062	9704
3.98894	9733
3.99726	9762
4.00558	9791
4.0139	9820
4.02222	9849
4.03054	9878
4.03886	9907
4.04718	9935
4.0555	9963
4.06382	9991
4.07214	10019
4.08046	10047
4.08878	10075
4.0971	10103
4.10542	10131
4.11374	10159
4.12206	10187
4.13038	10215
4.1387	10243
4.14702	10271
4.15534	10298
4.16366	10325
4.17198	10352
4.1803	10379
4.18862	10406
4.19694	10433
4.20526	10460
4.21358	10487
4.2219	10514
4.23022	10541
4.23854	10568
4.24686	10595
4.25518	10622
4.2635	10649
4.27182	10675
4.28014	10701
4.28846	10727
4.29678	10753
4.3051	10779
4.31342	10805
4.32174	10831
4.33006	10857
4.33838	10883
4.3467	10909
4.35502	10935
4.36334	10961
4.37166	10987
4.37998	11013
4.3883	11039
4.39662	11065
4.40494	11090
4.41326	11115
4.42158	11140
4.4299	11165
4.43822	11190
4.44654	11215
4.45486	11240
4.46318	11265
4.4715	11290
4.47982	11315
4.48814	11340
4.49646	11365
4.50478	11390
4.5131	11415
4.52142	11440
4.52974	11465
4.53806	11490
4.54638	11515
4.5547	11539
4.56302	11563
4.57134	11587
4.57966	11611
4.58798	11635
4.5963	11659
4.60462	11683
4.61294	11707
4.62126	11731
4.62958	11755
4.6379	11779
4.64622	11803
4.65454	11827
4.66286	11851
4.67118	11875
4.6795	11899
4.68782	11923
4.69614	11947
4.70446	11971
4.71278	11994
4.7211	12017
4.72942	12040
4.73774	12063
4.74606	12086
4.75438	12109
4.7627	12132
4.77102	12155
4.77934	12178
4.78766	12201
4.79598	12224
4.8043	12247
4.81262	12270
4.82094	12293
4.82926	12316
4.83758	12339
4.8459	12362
4.85422	12385
4.86254	12408
4.87086	12431
4.87918	12454
4.8875	12477
4.89582	12500
4.90414	12522
4.91246	12544
4.92078	12566
4.9291	12588
4.93742	12610
4.94574	12632
4.95406	12654
4.96238	12676
4.9707	12698
4.97902	12720
4.98734	12742
4.99566	12764
5.00398	12786
5.0123	12808
5.02062	12830
5.02894	12852
5.03726	12874
5.04558	12896
5.0539	12918
5.06222	12940
5.07054	12962
5.07886	12984
5.08718	13006
5.0955	13028
5.10382	13050
5.11214	13072
5.12046	13093
5.12878	13114
5.1371	13135
5.14542	13156
5.15374	13177
5.16206	13198
5.17038	13219
5.1787	13240
5.18702	13261
5.19534	13282
5.20366	13303
5.21198	13324
5.2203	13345
5.22862	13366
5.23694	13387
5.24526	13408
5.25358	13429
5.2619	13450
5.27022	13471
5.27854	13492
5.28686	13513
5.29518	13534
5.3035	13555
5.31182	13576
5.32014	13597
5.32846	13618
5.33678	13639
5.3451	13660
5.35342	13681
5.36174	13701
5.37006	13721
5.37838	13741
5.3867	13761
5.39502	13781
5.40334	13801
5.41166	13821
5.41998	13841
5.4283	13861
5.43662	13881
5.44494	13901
5.45326	13921
5.46158	13941
5.4699	13961
5.47822	13981
5.48654	14001
5.49486	14021
5.50318	14041
5.5115	14061
5.51982	14081
5.52814	14101
5.53646	14121
5.54478	14141
5.5531	14161
5.56142	14181
5.56974	14201
5.57806	14221
5.58638	14241
5.5947	14261
5.60302	14281
5.61134	14301
5.61966	14321
5.62798	14341
5.6363	14361
5.64462	14381
5.65294	14400
5.66126	14419
5.66958	14438
5.6779	14457
5.68622	14476
5.69454	14495
5.70286	14514
5.71118	14533
5.7195	14552
5.72782	14571
5.73614	14590
5.74446	14609
5.75278	14628
5.7611	14647
5.76942	14666
5.77774	14685
5.78606	14704
5.79438	14723
5.8027	14742
5.81102	14761
5.81934	14780
5.82766	14799
5.83598	14818
5.8443	14837
5.86094	3168
5.86909	3704
5.86926	4240
5.87115	1560
5.87115	1744
5.87947	1908
5.88967	2058
5.89986	2197
5.91006	2327
5.91086	2450
5.92044	2567
5.9275	2678
5.93582	2785
5.94414	2888
5.95246	2987
5.96078	3083
5.9691	3176
5.97742	3266
5.98574	3353
5.99406	3438
6.00238	3521
6.0107	3602
6.01902	3681
6.02734	3759
6.03566	3835
6.04398	3909
6.0523	3982
6.06062	4054
6.06894	4124
6.07726	4193
6.08558	4261
6.0939	4328
6.10222	4394
6.11054	4459
6.11886	4523
6.12718	4586
6.1355	4648
6.14382	4709
6.15214	4770
6.16046	4830
6.16878	4889
6.1771	4947
6.18542	5005
6.19374	5062
6.20206	5118
6.21038	5174
6.2187	5229
6.22702	5283
6.23534	5337
6.24366	5390
6.25198	5443
6.2603	5495
6.26862	5547
6.27694	5598
6.28526	5649
6.29358	5699
6.3019	5749
6.31022	5798
6.31854	5847
6.32686	5896
6.33518	5944
6.3435	5992
6.35182	6039
6.36014	6086
6.36846	6133
6.37678	6179
6.3851	6225
6.39342	6271
6.40174	6316
6.41006	6361
6.41838	6406
6.4267	6450
6.43502	6494
6.44334	6538
6.45166	6581
6.45998	6624
6.4683	6667
6.47662	6710
6.48494	6752
6.49326	6794
6.5099	3168
6.51805	3704
6.51822	4240
6.52011	1560
6.52011	1744
6.52843	1908
6.53863	2058
6.54882	2197
6.55902	2327
6.55982	2450
6.5694	2567
6.57646	2678
6.58478	2785
6.5931	2888
6.60142	2987
6.60974	3083
6.61806	3176
6.62638	3266
6.6347	3353
6.64302	3438
6.65134	3521
6.65966	3602
6.66798	3681
6.6763	3759
6.68462	3835
6.69294	3909
6.70126	3982
6.70958	4054
6.7179	4124
6.72622	4193
6.73454	4261
6.74286	4328
6.75118	4394
6.7595	4459
6.76782	4523
6.77614	4586
6.78446	4648
6.79278	4709
6.8011	4770
6.80942	4830
6.81774	4889
6.82606	4947
6.83438	5005
6.8427	5062
6.85102	5118
6.85934	5174
6.86766	5229
6.87598	5283
6.8843	5337
6.89262	5390
6.90094	5443
6.90926	5495
6.91758	5547
6.9259	5598
6.93422	5649
6.94254	5699
6.95086	5749
6.95918	5798
6.9675	5847
6.97582	5896
6.98414	5944
6.99246	5992
7.00078	6039
7.0091	6086
7.01742	6133
7.02574	6179
7.03406	6225
7.04238	6271
7.0507	6316
7.05902	6361
7.06734	6406
7.07566	6450
7.08398	6494
7.0923	6538
7.10062	6581
7.10894	6624
7.11726	6667
7.12558	6710
7.1339	6752
7.14222	6794
7.15054	6836
7.15886	6878
7.16718	6919
7.1755	6960
7.18382	7001
7.19214	7042
7.20046	7082
7.20878	7122
7.2171	7162
7.22542	7202
7.23374	7241
7.24206	7280
7.25038	7319
7.2587	7358
7.26702	7397
7.27534	7435
7.28366	7473
7.29198	7511
7.3003	7549
7.30862	7587
7.31694	7624
7.32526	7661
7.33358	7698
7.3419	7735
7.35022	7772
7.35854	7808
7.36686	7844
7.37518	7880
7.3835	7916
7.39182	7952
7.40014	7988
7.41661	8023
7.4251	3420
7.43325	3956
7.43342	4492
7.43531	1812
7.43531	1970
8.43531	536
8.44552	1072
8.45591	1340
8.46631	1554
8.4767	1738
8.4871	1903
8.4973	2053
8.50751	2192
8.51771	2323
8.51809	2446
8.52811	2563
8.52849	2675
8.5385	2782
8.53888	2885
8.5489	2984
8.54928	3080
8.5591	3173
8.55948	3263
8.56931	3351
8.56969	3436
8.57007	3519
8.57971	3600
8.58008	3679
8.58046	3757
8.5901	3833
8.59048	3907
8.59086	3980
8.60031	4052
8.60068	4122
8.60106	4191
8.61051	4259
8.61089	4326
8.61127	4392
8.62072	4457
8.6211	4521
8.62147	4584
8.62185	4646
8.63111	4707
8.63149	4768
8.63187	4828
8.63225	4887
8.64151	4945
8.64189	5003
8.64226	5060
8.64264	5116
8.65171	5172
8.65209	5227
8.65247	5281
8.65285	5335
8.66192	5388
8.6623	5441
8.66268	5493
8.66305	5545
8.67213	5596
8.6725	5647
8.67288	5697
8.67326	5747
8.67364	5796
8.68252	5845
8.6829	5894
8.68328	5942
8.68365	5990
8.68403	6037
8.69292	6084
8.69329	6131
8.69367	6177
8.69405	6223
8.69443	6269
8.70312	6314
8.7035	6359
8.70388	6404
8.70426	6448
8.70463	6492
8.71333	6536
8.71371	6579
8.71408	6622
8.71446	6665
8.71484	6708
8.71522	6750
8.72372	6792
8.7241	6834
8.72448	6876
8.72486	6917
8.72523	6958
8.72561	6999
8.73412	7040
8.7345	7080
8.73487	7120
8.73525	7160
8.73563	7200
8.73601	7239
8.7447	5092
8.74489	5628
8.74508	6164
8.74527	6700
8.74546	7236
8.74565	7772
8.74583	8308
8.74602	8844
8.74621	9380
8.7464	9916
8.75491	3484
8.75491	3566
8.75604	3646
8.75642	3724
8.76511	3801
8.76644	3876
8.76681	3950
8.77551	4022
8.77664	4093
8.77702	4163
8.78572	4232
8.78685	4299
8.78723	4365
8.79592	4430
8.79705	4494
8.79743	4557
8.79781	4620
8.80632	4682
8.80745	4743
8.80783	4803
8.8082	4862
8.81671	4921
8.81784	4979
8.81822	5036
8.8186	5093
8.82692	5149
8.82805	5204
8.82843	5259
8.8288	5313
8.83712	5367
8.83826	5420
8.83863	5473
8.83901	5525
8.84733	5576
8.84771	5627
8.84865	5678
8.84903	5728
8.84941	5778
8.85772	5827
8.8581	5876
8.85905	5924
8.85942	5972
8.8598	6020
8.86812	6067
8.8685	6114
8.86944	6160
8.86982	6206
8.8702	6252
8.87832	6297
8.8787	6342
8.87965	6387
8.88002	6431
8.8804	6475
8.88853	6519
8.88891	6563
8.88985	6606
8.89023	6649
8.89061	6692
8.89099	6734
8.89893	6776
8.8993	6818
8.90025	6860
8.90063	6901
8.901	6942
8.90138	6983
8.90932	7024
8.9097	7064
8.91064	7104
8.91102	7144
8.9114	7184
8.91178	7223
8.91953	7262
8.9199	7301
8.92085	7340
8.92123	7379
8.9216	7417
8.92198	7455
8.92226	7493
8.92991	7531
8.93102	7569
8.93934	7606
8.94766	7643
8.95598	7680
8.9643	7717
8.97262	7754
8.98094	7791
8.98926	7827
8.99758	7863
9.0059	7899
9.01422	7935
9.02254	7971
9.03086	8007
9.03918	8042
9.0475	8077
9.05582	8112
9.06414	8147
9.07246	8182
9.08078	8217
9.0891	8251
9.09742	8285
9.10574	8319
9.11406	8353
9.12238	8387
9.1307	8421
9.13902	8455
9.14734	8488
9.15566	8521
9.16398	8554
9.1723	8587
9.18062	8620
9.18894	8653
9.19726	8686
9.20558	8719
9.2139	8751
9.22222	8783
9.23054	8815
9.23886	8847
9.24718	8879
9.2555	8911
9.26382	8943
9.27214	8975
9.28046	9007
9.28878	9038
9.2971	9069
9.30542	9100
9.31374	9131
9.32206	9162
