1	536
1.02026	1072
1.03066	1608
1.04105	2144
1.05126	2680
1.05163	3216
1.06165	3752
1.06203	4288
1.06845	4824
1.07677	5360
1.08509	5896
1.09341	6432
1.10173	6968
1.11005	7504
1.11837	8040
1.12669	8576
1.13501	9112
1.14333	9648
1.15165	10184
1.15997	10720
1.16829	11256
1.17661	11792
1.18493	12328
1.19325	12864
1.20157	13400
1.20989	13936
1.21821	14472
1.22653	15008
1.23485	15544
1.24317	16080
1.25149	16616
1.25981	17152
1.26813	17688
1.27645	18224
1.28477	18760
1.29309	19296
1.30141	19832
1.30973	20368
1.31805	20904
1.32637	21440
1.33469	21976
1.34301	22512
1.35133	23048
1.35965	23584
1.36797	24120
1.37629	24656
1.38461	25192
1.39293	25728
1.40125	26264
1.40957	26800
1.41789	27336
1.42621	27872
1.43453	28408
1.44285	28944
1.45117	29480
1.45949	30016
1.46781	30552
1.47613	31088
1.48445	31624
1.49277	32160
1.50109	32696
1.50941	33232
1.51773	33768
1.52605	34304
1.53437	34840
1.54269	35376
1.55101	35912
1.55933	36448
1.56765	36984
1.57597	37520
1.58429	38056
1.59261	38592
1.60093	39128
1.60925	39664
1.61757	40200
1.62589	40736
1.63421	41272
1.64253	41808
1.65085	42344
1.65917	42880
1.66749	43416
1.67581	43952
1.68413	44488
1.69245	45024
1.70077	45560
1.70909	46096
1.71741	46632
1.72573	47168
1.73405	47704
1.74237	48240
1.75069	48776
1.75901	49312
1.76733	49848
1.77565	50384
1.78397	50920
1.79229	51456
1.80061	51992
1.80893	52528
1.81725	53064
1.82557	53600
1.83389	54136
1.84221	54672
1.85053	55208
1.85885	55744
1.86717	56280
1.87549	56816
1.88381	57352
1.89213	57888
1.90045	58424
1.90877	58960
1.91709	59496
1.92541	60032
1.93373	60568
1.94205	61104
1.95037	61640
1.95869	62176
1.96701	62712
1.97533	63248
1.98365	63784
1.99197	64320
2.00029	64856
2.00861	65392
2.01693	65928
2.02525	66464
2.03357	67000
2.04189	67536
2.05021	68072
2.05853	68608
2.06685	69144
2.07517	69680
2.08349	70216
2.09181	70752
2.10013	71288
2.10845	71824
2.11677	72360
2.12509	72896
2.13341	73432
2.14173	73968
2.15005	74504
2.15837	75040
2.16669	75576
2.17501	76112
2.18333	76648
2.19165	77184
2.19997	77720
2.20829	78256
2.21661	78792
2.22493	79328
2.23325	79864
2.24157	80400
2.24989	80936
2.25821	81472
2.26653	82008
2.27485	82544
2.28317	83080
2.29149	83616
2.29981	84152
2.30813	84688
2.31645	85224
2.32477	85760
2.33309	86296
2.34141	86832
2.34973	87368
2.35805	87904
2.36637	88440
2.37469	88976
2.38301	89512
2.39133	90048
2.39965	90584
2.40797	91120
2.41629	91656
2.42461	92192
2.43293	92728
2.44125	93264
2.44957	93800
2.45789	94336
2.46621	94872
2.47453	95408
2.48285	95944
2.49117	96480
2.49949	97016
2.50781	97552
2.51613	98088
2.52445	98624
2.53277	99160
2.54109	99696
2.54941	100232
2.55773	100768
2.56605	101304
2.57437	101840
2.58269	102376
2.59101	102912
2.59933	103448
2.60765	103984
2.61597	104520
2.62429	105056
2.63261	105592
2.64093	106128
2.64925	106664
2.65757	107200
2.66589	107736
2.67421	108272
2.68253	108808
2.69085	109344
2.69917	109880
2.70749	110416
2.71581	110952
2.72413	111488
2.73245	112024
2.74077	112560
2.74909	113096
2.75741	113632
2.76573	114168
2.77405	114704
2.78237	115240
2.79069	115776
2.79901	116312
2.80733	116848
2.81565	117384
2.82397	117920
2.83229	118456
2.84061	118992
2.84893	119528
2.85725	120064
2.86557	120600
2.87389	121136
2.88221	121672
2.89053	122208
2.89885	122744
2.90717	123280
2.91549	123816
2.92381	124352
2.93213	124888
2.94045	125424
2.94877	125960
2.95709	126496
2.96541	127032
2.97373	127568
2.98205	128104
2.99037	128640
2.99869	129176
3.00701	129712
3.01533	130248
3.02365	130784
3.03197	131320
3.04029	131856
3.04861	132392
3.05693	132928
3.06525	133464
3.07357	134000
3.08189	134536
3.09021	135072
3.09853	135608
3.10685	136144
3.11517	136680
3.12349	137216
3.13181	137752
3.14013	138288
3.14845	138824
3.15677	139360
3.16509	139896
3.17341	140432
3.18173	140968
3.19005	141504
3.19837	142040
3.20669	142576
3.21501	143112
3.22333	143648
3.23165	144184
3.23997	144720
3.24829	145256
3.25661	145792
3.26493	146328
3.27325	146864
3.28157	147400
3.28989	147936
3.29821	148472
3.30653	149008
3.31485	149544
3.32317	150080
3.33149	150616
3.33981	151152
3.34813	151688
3.35645	152224
3.36477	152760
3.37309	153296
3.38141	153832
3.38973	154368
3.39805	154904
3.40637	155440
3.41469	155976
3.42301	156512
3.43133	157048
3.43965	157584
3.44797	158120
3.45629	158656
3.46461	159192
3.47293	159728
3.48125	160264
3.48957	160800
3.49789	161336
3.50621	161872
3.51453	162408
3.52285	162944
3.53117	163480
3.53949	164016
3.54781	164552
3.55613	165088
3.56445	165624
3.57277	166160
3.58109	166696
3.58941	167232
3.59773	167768
3.60605	168304
3.61437	168840
3.62269	169376
3.63101	169912
3.63933	170448
3.64765	170984
3.65597	171520
3.66429	172056
3.67261	172592
3.68093	173128
3.68925	173664
3.69757	174200
3.70589	174736
3.71421	175272
3.72253	175808
3.73085	176344
3.73917	176880
3.74749	177416
3.75581	177952
3.76413	178488
3.77245	179024
3.78077	179560
3.78909	180096
3.79741	180632
3.80573	181168
3.81405	181704
3.82237	182240
3.83069	182776
3.83901	183312
3.84733	183848
3.85565	184384
3.86397	184920
3.87229	185456
3.88061	185992
3.88893	186528
3.89725	187064
3.90557	187600
3.91389	188136
3.92221	188672
3.93053	189208
3.93885	189744
3.94717	190280
3.95549	190816
3.96381	191352
3.97213	191888
3.98045	192424
3.98877	192960
3.99709	193496
4.00541	194032
4.01373	194568
4.02205	195104
4.03037	195640
4.03869	196176
4.04701	196712
4.05533	197248
4.06365	197784
4.07197	198320
4.08029	198856
4.08861	199392
4.09693	199928
4.10525	200464
4.11357	201000
4.12189	201536
4.13021	202072
4.13853	202608
4.14685	203144
4.15517	203680
4.16349	204216
4.17181	204752
4.18013	205288
4.18845	205824
4.19677	206360
4.20509	206896
4.21341	207432
4.22173	207968
4.23005	208504
4.23837	209040
4.24669	209576
4.25501	210112
4.26333	210648
4.27165	211184
4.27997	211720
4.28829	212256
4.29661	212792
4.30493	213328
4.31325	213864
4.32157	214400
4.32989	214936
4.33821	215472
4.34653	216008
4.35485	216544
4.36317	217080
4.37149	217616
4.37981	218152
4.38813	218688
4.39645	219224
4.40477	219760
4.41309	220296
4.42141	220832
4.42973	221368
4.43805	221904
4.44637	222440
4.45469	222976
4.46301	223512
4.47133	224048
4.47965	224584
4.48797	225120
4.49629	225656
4.50461	226192
4.51293	226728
4.52125	227264
4.52957	227800
4.53789	228336
4.54621	228872
4.55453	229408
4.56285	229944
4.57117	230480
4.57949	231016
4.58781	231552
4.59613	232088
4.60445	232624
4.61277	233160
4.62109	233696
4.62941	234232
4.63773	234768
4.64605	235304
4.65437	235840
4.66269	236376
4.67101	236912
4.67933	237448
4.68765	237984
4.69597	238520
4.70429	239056
4.71261	239592
4.72093	240128
4.72925	240664
4.73757	241200
4.74589	241736
4.75421	242272
4.76253	242808
4.77085	243344
4.77917	243880
4.78749	244416
4.79581	244952
4.80413	245488
4.81245	246024
4.82077	246560
4.82909	247096
4.83741	247632
4.84573	248168
4.85405	248704
4.86237	249240
4.87069	249776
4.87901	250312
4.88733	250848
4.89565	251384
4.90397	251920
4.91229	252456
4.92061	252992
4.92893	253528
4.93725	254064
4.94557	254600
4.95389	255136
4.96221	255672
4.97053	256208
4.97885	256744
4.98717	257280
4.99549	257816
5.00381	258352
5.01213	258888
5.02045	259424
5.02877	259960
5.03709	260496
5.04541	261032
5.05373	261568
5.06205	262104
5.07037	262640
5.07869	262641
5.08701	262642
5.09533	262643
5.10365	262644
5.11197	262645
5.12029	262646
5.12861	262647
5.13693	262648
5.14525	262649
5.15357	262650
5.16189	262651
5.17021	262652
5.17853	262653
5.18685	262654
5.19517	262655
5.20349	262656
5.21181	262657
5.22013	262658
5.22845	262659
5.23677	262660
5.24509	262661
5.25341	262662
5.26173	262663
5.27005	262664
5.27837	262665
5.28669	262666
5.29501	262667
5.30333	262668
5.31165	262669
5.31997	262670
5.32829	262671
5.33661	262672
5.34493	262673
5.35325	262674
5.36157	262675
5.36989	262676
5.37821	262677
5.38653	262678
5.39485	262679
5.40317	262680
5.41149	262681
5.41981	262682
5.42813	262683
5.43645	262684
5.44477	262685
5.45309	262686
5.46141	262687
5.46973	262688
5.47805	262689
5.48637	262690
5.49469	262691
5.50301	262692
5.51133	262693
5.51965	262694
5.52797	262695
5.53629	262696
5.54461	262697
5.55293	262698
5.56125	262699
5.56957	262700
5.57789	262701
5.58621	262702
5.59453	262703
5.60285	262704
5.61117	262705
5.61949	262706
5.62781	262707
5.63613	262708
5.64445	262709
5.65277	262710
5.66109	262711
5.66941	262712
5.67773	262713
5.68605	262714
5.69437	262715
5.70269	262716
5.71101	262717
5.71933	262718
5.72765	262719
5.73597	262720
5.74429	262721
5.75261	262722
5.76093	262723
5.76925	262724
5.77757	262725
5.78589	262726
5.79421	262727
5.80253	262728
5.81085	262729
5.81917	262730
5.82749	262731
5.83581	262732
5.84413	262733
5.85245	262734
5.86077	262735
5.86909	262736
5.87741	262737
5.88573	262738
5.89405	262739
5.90237	262740
5.91069	262741
5.91901	262742
5.92733	262743
5.93565	262744
5.94397	262745
5.95229	262746
5.96061	262747
5.96893	262748
5.97725	262749
5.98557	262750
5.99389	262751
6.00221	262752
6.01053	262753
6.01885	262754
6.02717	262755
6.03549	262756
6.04381	262757
6.05213	262758
6.06045	262759
6.06877	262760
6.07709	262761
6.08541	262762
6.09373	262763
6.10205	262764
6.11037	262765
6.11869	262766
6.12701	262767
6.13533	262768
6.14365	262769
6.15197	262770
6.16029	262771
6.16861	262772
6.17693	262773
6.18525	262774
6.19357	262775
6.20189	262776
6.21021	262777
6.21853	262778
6.22685	262779
6.23517	262780
6.24349	262781
6.25181	262782
6.26013	262783
6.26845	262784
6.27677	262785
6.28509	262786
6.29341	262787
6.30173	262788
6.31005	262789
6.31837	262790
6.32669	262791
6.33501	262792
6.34333	262793
6.35165	262794
6.35997	262795
6.36829	262796
6.37661	262797
6.38493	262798
6.39325	262799
6.40157	262800
6.40989	262801
6.41821	262802
6.42653	262803
6.43485	262804
6.44317	262805
6.45149	262806
6.45981	262807
6.46813	262808
6.47645	262809
6.48477	262810
6.49309	262811
6.50141	262812
6.50973	262813
6.51805	262814
6.52637	262815
6.53469	262816
6.54301	262817
6.55133	262818
6.55965	262819
6.56797	262820
6.57629	262821
6.58461	262822
6.59293	262823
6.60125	262824
6.60957	262825
6.61789	262826
6.62621	262827
6.63453	262828
6.64285	262829
6.65117	262830
6.65949	262831
6.66781	262832
6.67613	262833
6.68445	262834
6.69277	262835
6.70109	262836
6.70941	262837
6.71773	262838
6.72605	262839
6.73437	262840
6.74269	262841
6.75101	262842
6.75933	262843
6.76765	262844
6.77597	262845
6.78429	262846
6.79261	262847
6.80093	262848
6.80925	262849
6.81757	262850
6.82589	262851
6.83421	262852
6.84253	262853
6.85085	262854
6.85917	262855
6.86749	262856
6.87581	262857
6.88413	262858
6.89245	262859
6.90077	262860
6.90909	262861
6.91741	262862
6.92573	262863
6.93405	262864
6.94237	262865
6.95069	262866
6.95901	262867
6.96733	262868
6.97565	262869
6.98397	262870
6.99229	262871
7.00061	262872
7.00893	262873
7.01725	262874
7.02557	262875
7.03389	262876
7.04221	262877
7.05053	262878
7.05885	262879
7.06717	262880
7.07549	262881
7.08381	262882
7.09213	262883
7.10045	262884
7.10877	262885
7.11709	262886
7.12541	262887
7.13373	262888
7.14205	262889
7.15037	262890
7.15869	262891
7.16701	262892
7.17533	262893
7.18365	262894
7.19197	262895
7.20029	262896
7.20861	262897
7.21693	262898
7.22525	262899
7.23357	262900
7.24189	262901
7.25021	262902
7.25853	262903
7.26685	262904
7.27517	262905
7.28349	262906
7.29181	262907
7.30013	262908
7.30845	262909
7.31677	262910
7.32509	262911
7.33341	262912
7.34173	262913
7.35005	262914
7.35837	262915
7.36669	262916
7.37501	262917
7.38333	262918
7.39165	262919
7.39997	262920
7.40829	262921
7.41661	262922
7.42493	262923
7.43325	262924
7.44157	262925
7.44989	262926
7.45821	262927
7.46653	262928
7.47485	262929
7.48317	262930
7.49149	262931
7.49981	262932
7.50813	262933
7.51645	262934
7.52477	262935
7.53309	262936
7.54141	262937
7.54973	262938
7.55805	262939
7.56637	262940
7.57469	262941
7.58301	262942
7.59133	262943
7.59965	262944
7.60797	262945
7.61629	262946
7.62461	262947
7.63293	262948
7.64125	262949
7.64957	262950
7.65789	262951
7.66621	262952
7.67453	262953
7.68285	262954
7.69117	262955
7.69949	262956
7.70781	262957
7.71613	262958
7.72445	262959
7.73277	262960
7.74109	262961
7.74941	262962
7.75773	262963
7.76605	262964
7.77437	262965
7.78269	262966
7.79101	262967
7.79933	262968
7.80765	262969
7.81597	262970
7.82429	262971
7.83261	262972
7.84093	262973
7.84925	262974
7.85757	262975
7.86589	262976
7.87421	262977
7.88253	262978
7.89085	262979
7.89917	262980
7.90749	262981
7.91581	262982
7.92413	262983
7.93245	262984
7.94077	262985
7.94909	262986
7.95741	262987
7.96573	262988
7.97405	262989
7.98237	262990
7.99069	262991
7.99901	262992
8.00733	262993
8.01565	262994
8.02397	262995
8.03229	262996
8.04061	262997
8.04893	262998
8.05725	262999
8.06557	263000
8.07389	263001
8.08221	263002
8.09053	263003
8.09885	263004
8.10717	263005
8.11549	263006
8.12381	263007
8.13213	263008
8.14045	263009
8.14877	263010
8.15709	263011
8.16541	263012
8.17373	263013
8.18205	263014
8.19037	263015
8.19869	263016
8.20701	263017
8.21533	263018
8.22365	263019
8.23197	263020
8.24029	263021
8.24861	263022
8.25693	263023
8.26525	263024
8.27357	263025
8.28189	263026
8.29021	263027
8.29853	263028
8.30685	263029
8.31517	263030
8.32349	263031
8.33181	263032
8.34013	263033
8.34845	263034
8.35677	263035
8.36509	263036
8.37341	263037
8.38173	263038
8.39005	263039
8.39837	263040
8.40669	263041
8.41501	263042
8.42333	263043
8.43165	263044
8.43997	263045
8.44829	263046
8.45661	263047
8.46493	263048
8.47325	263049
8.48157	263050
8.48989	263051
8.49821	263052
8.50653	263053
8.51485	263054
8.52317	263055
8.53149	263056
8.53981	263057
8.54813	263058
8.55645	263059
8.56477	263060
8.57309	263061
8.58141	263062
8.58973	263063
8.59805	263064
8.60637	263065
8.61469	263066
8.62301	263067
8.63133	263068
8.63965	263069
8.64797	263070
8.65629	263071
8.66461	263072
8.67293	263073
8.68125	263074
8.68957	263075
8.69789	263076
8.70621	263077
8.71453	263078
8.72285	263079
8.73117	263080
8.73949	263081
8.74781	263082
8.75613	263083
8.76445	263084
8.77277	263085
8.78109	263086
8.78941	263087
8.79773	263088
8.80605	263089
8.81437	263090
8.82269	263091
8.83101	263092
8.83933	263093
8.84765	263094
8.85597	263095
8.86429	263096
8.87261	263097
8.88093	263098
8.88925	263099
8.89757	263100
8.90589	263101
8.91421	263102
8.92253	263103
8.93085	263104
8.93917	263105
8.94749	263106
8.95581	263107
8.96413	263108
8.97245	263109
8.98077	263110
8.98909	263111
8.99741	263112
9.00573	263113
9.01405	263114
9.02237	263115
9.03069	263116
9.03901	263117
9.04733	263118
9.05565	263119
9.06397	263120
9.07229	263121
9.08061	263122
9.08893	263123
9.09725	263124
9.10557	263125
9.11389	263126
9.12221	263127
9.13053	263128
9.13885	263129
9.14717	263130
9.15549	263131
9.16381	263132
9.17213	263133
9.18045	263134
9.18877	263135
9.19709	263136
9.20541	263137
9.21373	263138
9.22205	263139
9.23037	263140
9.23869	263141
9.24701	263142
9.25533	263143
9.26365	263144
9.27197	263145
9.28029	263146
9.28861	263147
9.29693	263148
9.30525	263149
9.31357	263150
9.32189	263151
9.52206	263152
